 % Sample   Time     Commanded Pos   Encoder 1 Pos   Encoder 2 Pos   Encoder 3 Pos 

lower_unloaded = ...
[    0    0.000              -5            -858              -7              -5;
     1    0.009              -5            -858              -7              -5;
     2    0.018              -5            -858              -7              -5;
     3    0.027              -5            -858              -7              -5;
     4    0.035              -5            -858              -7              -5;
     5    0.044              -5            -858              -7              -5;
     6    0.053              -5            -858              -7              -5;
     7    0.062              -5            -858              -7              -5;
     8    0.071              -5            -858              -7              -5;
     9    0.080              -5            -858              -7              -5;
    10    0.089              -5            -858              -7              -5;
    11    0.097              -5            -858              -7              -5;
    12    0.106              -5            -858              -7              -5;
    13    0.115              -5            -858              -7              -5;
    14    0.124              -5            -858              -7              -5;
    15    0.133              -5            -858              -7              -5;
    16    0.142              -5            -858              -7              -5;
    17    0.151              -5            -858              -7              -5;
    18    0.159              -5            -858              -7              -5;
    19    0.168              -5            -858              -7              -5;
    20    0.177              -5            -858              -7              -5;
    21    0.186              -5            -858              -7              -5;
    22    0.195              -5            -858              -7              -5;
    23    0.204              -5            -858              -7              -5;
    24    0.213              -5            -858              -7              -5;
    25    0.221              -5            -858              -7              -5;
    26    0.230              -5            -858              -7              -5;
    27    0.239              -5            -858              -7              -5;
    28    0.248              -5            -858              -7              -5;
    29    0.257              -5            -858              -7              -5;
    30    0.266              -5            -858              -7              -5;
    31    0.274              -5            -859              -7              -5;
    32    0.283              -5            -859              -7              -5;
    33    0.292              -5            -859              -7              -5;
    34    0.301              -5            -859              -7              -5;
    35    0.310              -5            -859              -7              -5;
    36    0.319              -5            -859              -7              -5;
    37    0.328              -5            -859              -7              -5;
    38    0.336              -5            -859              -7              -5;
    39    0.345              -5            -859              -7              -5;
    40    0.354              -5            -859              -7              -5;
    41    0.363              -5            -859              -7              -5;
    42    0.372              -5            -859              -7              -5;
    43    0.381              -5            -859              -7              -5;
    44    0.390              -5            -859              -7              -5;
    45    0.398              -5            -859              -7              -5;
    46    0.407              -5            -859              -7              -5;
    47    0.416              -5            -859              -7              -5;
    48    0.425              -5            -859              -7              -5;
    49    0.434              -5            -858              -7              -5;
    50    0.443              -5            -858              -7              -5;
    51    0.452              -5            -858              -7              -5;
    52    0.460              -5            -858              -7              -5;
    53    0.469              -5            -858              -7              -5;
    54    0.478              -5            -858              -7              -5;
    55    0.487              -5            -858              -7              -5;
    56    0.496              -5            -859              -7              -5;
    57    0.505              -5            -859              -7              -5;
    58    0.514              -5            -858              -7              -5;
    59    0.522              -5            -858              -7              -5;
    60    0.531              -5            -858              -7              -5;
    61    0.540              -5            -858              -7              -5;
    62    0.549              -5            -858              -7              -5;
    63    0.558              -5            -858              -7              -5;
    64    0.567              -5            -858              -7              -5;
    65    0.576              -5            -858              -7              -5;
    66    0.584              -5            -858              -7              -5;
    67    0.593              -5            -858              -7              -5;
    68    0.602              -5            -858              -7              -5;
    69    0.611              -5            -858              -7              -5;
    70    0.620              -5            -858              -7              -5;
    71    0.629              -5            -858              -7              -5;
    72    0.638              -5            -858              -7              -5;
    73    0.646              -5            -858              -7              -5;
    74    0.655              -5            -857              -7              -5;
    75    0.664              -5            -857              -7              -5;
    76    0.673              -5            -857              -7              -5;
    77    0.682              -5            -857              -7              -5;
    78    0.691              -5            -857              -7              -5;
    79    0.699              -5            -858              -7              -5;
    80    0.708              -5            -858              -7              -5;
    81    0.717              -5            -858              -7              -5;
    82    0.726              -5            -858              -7              -5;
    83    0.735              -5            -858              -7              -5;
    84    0.744              -5            -858              -7              -5;
    85    0.753              -5            -858              -7              -5;
    86    0.761              -5            -858              -7              -5;
    87    0.770              -5            -858              -7              -5;
    88    0.779              -5            -858              -7              -5;
    89    0.788              -5            -857              -7              -5;
    90    0.797              -5            -857              -7              -5;
    91    0.806              -5            -857              -7              -5;
    92    0.815              -5            -857              -7              -5;
    93    0.823              -5            -858              -7              -5;
    94    0.832              -5            -858              -7              -5;
    95    0.841              -5            -858              -7              -5;
    96    0.850              -5            -859              -7              -5;
