% Sample   Time     Commanded Pos   Encoder 1 Pos   Encoder 2 Pos   Encoder 3 Pos 

upper_unloaded = ...
[    0    0.000            -807              -3              -6            -807;
     1    0.009            -807              -3              -6            -807;
     2    0.018            -807              -3              -6            -807;
     3    0.027            -807              -3              -6            -807;
     4    0.035            -807              -3              -6            -807;
     5    0.044            -808              -3              -6            -808;
     6    0.053            -808              -3              -6            -808;
     7    0.062            -808              -3              -6            -808;
     8    0.071            -808              -3              -6            -808;
     9    0.080            -808              -3              -6            -808;
    10    0.089            -808              -3              -6            -808;
    11    0.097            -808              -3              -6            -808;
    12    0.106            -808              -3              -6            -808;
    13    0.115            -808              -3              -6            -808;
    14    0.124            -808              -3              -6            -808;
    15    0.133            -808              -3              -6            -808;
    16    0.142            -808              -3              -6            -808;
    17    0.151            -808              -3              -6            -808;
    18    0.159            -808              -3              -6            -808;
    19    0.168            -808              -3              -6            -808;
    20    0.177            -807              -3              -6            -807;
    21    0.186            -807              -3              -6            -807;
    22    0.195            -807              -3              -6            -807;
    23    0.204            -806              -3              -6            -806;
    24    0.213            -805              -3              -6            -805;
    25    0.221            -805              -3              -6            -805;
    26    0.230            -805              -3              -6            -805;
    27    0.239            -804              -3              -6            -804;
    28    0.248            -804              -3              -6            -804;
    29    0.257            -804              -3              -6            -804;
    30    0.266            -804              -3              -6            -804;
    31    0.274            -804              -3              -6            -804;
    32    0.283            -804              -3              -6            -804;
    33    0.292            -804              -3              -6            -804;
    34    0.301            -804              -3              -6            -804;
    35    0.310            -804              -3              -6            -804;
    36    0.319            -804              -3              -6            -804;
    37    0.328            -805              -3              -6            -805;
    38    0.336            -805              -3              -6            -805;
    39    0.345            -805              -3              -6            -805;
    40    0.354            -805              -3              -6            -805;
    41    0.363            -805              -3              -6            -805;
    42    0.372            -805              -3              -6            -805;
    43    0.381            -805              -3              -6            -805;
    44    0.390            -805              -3              -6            -805;
    45    0.398            -806              -3              -6            -806;
    46    0.407            -806              -3              -6            -806;
    47    0.416            -806              -3              -6            -806;
    48    0.425            -806              -3              -6            -806;
    49    0.434            -806              -3              -6            -806;
    50    0.443            -806              -3              -6            -806;
    51    0.452            -806              -3              -6            -806;
    52    0.460            -806              -3              -6            -806;
    53    0.469            -807              -3              -6            -807;
    54    0.478            -807              -3              -6            -807;
    55    0.487            -807              -3              -6            -807;
    56    0.496            -807              -3              -6            -807;
    57    0.505            -807              -3              -6            -807;
    58    0.514            -807              -3              -6            -807;
    59    0.522            -807              -3              -6            -807;
    60    0.531            -807              -3              -6            -807;
    61    0.540            -808              -3              -6            -808;
    62    0.549            -806              -3              -6            -806;
    63    0.558            -806              -3              -6            -806;
    64    0.567            -806              -3              -6            -806;
    65    0.576            -806              -3              -6            -806;
    66    0.584            -806              -3              -6            -806;
    67    0.593            -805              -3              -6            -805;
    68    0.602            -805              -3              -6            -805;
    69    0.611            -804              -3              -6            -804;
    70    0.620            -804              -3              -6            -804;
    71    0.629            -804              -3              -6            -804;
    72    0.638            -803              -3              -6            -803;
    73    0.646            -803              -3              -6            -803;
    74    0.655            -804              -3              -6            -804;
    75    0.664            -804              -3              -6            -804;
    76    0.673            -804              -3              -6            -804;
    77    0.682            -805              -3              -6            -805;
    78    0.691            -806              -3              -6            -806;
    79    0.699            -807              -3              -6            -807;
    80    0.708            -807              -3              -6            -807;
    81    0.717            -807              -3              -6            -807;
    82    0.726            -808              -3              -6            -808;
    83    0.735            -808              -3              -6            -808;
    84    0.744            -809              -3              -6            -809;
    85    0.753            -809              -3              -6            -809;
    86    0.761            -809              -3              -6            -809;
    87    0.770            -809              -3              -6            -809;
    88    0.779            -810              -3              -6            -810;
    89    0.788            -810              -3              -6            -810;
    90    0.797            -810              -3              -6            -810;
    91    0.806            -810              -3              -6            -810;
    92    0.815            -810              -3              -6            -810;
    93    0.823            -810              -3              -6            -810;
    94    0.832            -810              -3              -6            -810;
    95    0.841            -810              -3              -6            -810;
    96    0.850            -810              -3              -6            -810;
