% Sample   Time     Commanded Pos   Encoder 1 Pos   Encoder 2 Pos   Encoder 3 Pos 
lower_loaded = ...
[    0    0.000               0            -828              -2               0;
     1    0.009               0            -829              -2               0;
     2    0.018               0            -830              -2               0;
     3    0.027               0            -831              -2               0;
     4    0.035               0            -831              -2               0;
     5    0.044               0            -831              -2               0;
     6    0.053               0            -832              -2               0;
     7    0.062               0            -832              -2               0;
     8    0.071               0            -833              -2               0;
     9    0.080               0            -833              -2               0;
    10    0.089               0            -833              -2               0;
    11    0.097               0            -834              -2               0;
    12    0.106               0            -834              -2               0;
    13    0.115               0            -832              -2               0;
    14    0.124               0            -832              -2               0;
    15    0.133               0            -832              -2               0;
    16    0.142               0            -831              -2               0;
    17    0.151               0            -831              -2               0;
    18    0.159               0            -831              -2               0;
    19    0.168               0            -831              -2               0;
    20    0.177               0            -830              -2               0;
    21    0.186               0            -829              -2               0;
    22    0.195               0            -828              -2               0;
    23    0.204               0            -826              -2               0;
    24    0.213               0            -824              -2               0;
    25    0.221               0            -820              -2               0;
    26    0.230               0            -815              -2               0;
    27    0.239               0            -808              -2               0;
    28    0.248               0            -799              -2               0;
    29    0.257               0            -786              -2               0;
    30    0.266               0            -771              -2               0;
    31    0.274               0            -751              -2               0;
    32    0.283               0            -726              -2               0;
    33    0.292               0            -694              -2               0;
    34    0.301               0            -655              -2               0;
    35    0.310               0            -610               0               0;
    36    0.319               0            -558               0               0;
    37    0.328               0            -499               0               0;
    38    0.336               0            -435               0               0;
    39    0.345               0            -367               0               0;
    40    0.354               0            -294               0               0;
    41    0.363               0            -218               0               0;
    42    0.372               0            -140               0               0;
    43    0.381               0             -62               0               0;
    44    0.390               0              18               0               0;
    45    0.398               0              97               0               0;
    46    0.407               0             173               0               0;
    47    0.416               0             248               0               0;
    48    0.425               0             318               0               0;
    49    0.434               0             384               0               0;
    50    0.443               0             445               0               0;
    51    0.452               0             499               0               0;
    52    0.460               0             548               1               0;
    53    0.469               0             589               1               0;
    54    0.478               0             623               1               0;
    55    0.487               0             649               1               0;
    56    0.496               0             666               1               0;
    57    0.505               1             676               1               1;
    58    0.514               1             677               1               1;
    59    0.522               1             670               1               1;
    60    0.531               1             654               1               1;
    61    0.540               1             631               1               1;
    62    0.549               1             600               1               1;
    63    0.558               1             562               1               1;
    64    0.567               1             518               1               1;
    65    0.576               1             467               0               1;
    66    0.584               1             411               0               1;
    67    0.593               1             350               0               1;
    68    0.602               1             285               0               1;
    69    0.611               1             217               0               1;
    70    0.620               1             146               0               1;
    71    0.629               1              74               0               1;
    72    0.638               1               1               0               1;
    73    0.646               1             -72               0               1;
    74    0.655               1            -144               0               1;
    75    0.664               1            -214               0               1;
    76    0.673               1            -280               0               1;
    77    0.682               1            -343               0               1;
    78    0.691               1            -402               0               1;
    79    0.699               1            -455               0               1;
    80    0.708               1            -503               0               1;
    81    0.717               1            -543               0               1;
    82    0.726               0            -577               0               0;
    83    0.735               0            -604               0               0;
    84    0.744               0            -623               0               0;
    85    0.753               0            -635               0               0;
    86    0.761               0            -639               0               0;
    87    0.770               0            -635               0               0;
    88    0.779               0            -624               0               0;
    89    0.788               0            -605               0               0;
    90    0.797              -1            -579               0              -1;
    91    0.806              -1            -546               0              -1;
    92    0.815              -1            -507               0              -1;
    93    0.823              -1            -462               0              -1;
    94    0.832              -1            -412               0              -1;
    95    0.841              -1            -356               0              -1;
    96    0.850              -1            -298               0              -1;
