% Sample   Time     Commanded Pos   Encoder 1 Pos   Encoder 2 Pos   Encoder 3 Pos 
upper_loaded = ...
[    0    0.000            -893               0               0            -893;
     1    0.009            -893               0               0            -893;
     2    0.018            -894               0               0            -894;
     3    0.027            -894               0               0            -894;
     4    0.035            -894               0               0            -894;
     5    0.044            -895               0               0            -895;
     6    0.053            -895               0               0            -895;
     7    0.062            -895               0               0            -895;
     8    0.071            -895               0               0            -895;
     9    0.080            -895               0               0            -895;
    10    0.089            -895               0               0            -895;
    11    0.097            -895               0               0            -895;
    12    0.106            -895               0               0            -895;
    13    0.115            -895               0               0            -895;
    14    0.124            -893               0               0            -893;
    15    0.133            -893               0               0            -893;
    16    0.142            -893               0               0            -893;
    17    0.151            -892               0               0            -892;
    18    0.159            -892               0               0            -892;
    19    0.168            -891               0               0            -891;
    20    0.177            -890               0               0            -890;
    21    0.186            -889               0               0            -889;
    22    0.195            -888               0               0            -888;
    23    0.204            -887               0               0            -887;
    24    0.213            -886               0               0            -886;
    25    0.221            -884               0               0            -884;
    26    0.230            -883               0               0            -883;
    27    0.239            -882               0               0            -882;
    28    0.248            -881               0               0            -881;
    29    0.257            -880               0               0            -880;
    30    0.266            -879               0               0            -879;
    31    0.274            -879               0               0            -879;
    32    0.283            -878               0               0            -878;
    33    0.292            -878               0               0            -878;
    34    0.301            -878               0               0            -878;
    35    0.310            -878               0               0            -878;
    36    0.319            -878               0               0            -878;
    37    0.328            -878               0               0            -878;
    38    0.336            -878               0               0            -878;
    39    0.345            -879               0               0            -879;
    40    0.354            -879               0               0            -879;
    41    0.363            -879               0               0            -879;
    42    0.372            -880               0               0            -880;
    43    0.381            -880               0               0            -880;
    44    0.390            -881               0               0            -881;
    45    0.398            -882               0               0            -882;
    46    0.407            -882               0               0            -882;
    47    0.416            -883               0               0            -883;
    48    0.425            -883               0               0            -883;
    49    0.434            -884               0               0            -884;
    50    0.443            -885               0               0            -885;
    51    0.452            -885               0               0            -885;
    52    0.460            -886               0               0            -886;
    53    0.469            -886               0               0            -886;
    54    0.478            -886               0               0            -886;
    55    0.487            -886               0               0            -886;
    56    0.496            -884               0               0            -884;
    57    0.505            -883               0               0            -883;
    58    0.514            -882               0               0            -882;
    59    0.522            -882               0               0            -882;
    60    0.531            -881               0               0            -881;
    61    0.540            -880               0               0            -880;
    62    0.549            -879               0               0            -879;
    63    0.558            -878               0               0            -878;
    64    0.567            -877               0               0            -877;
    65    0.576            -875               0               0            -875;
    66    0.584            -874               0               0            -874;
    67    0.593            -872               0               0            -872;
    68    0.602            -871               0               0            -871;
    69    0.611            -870               0               0            -870;
    70    0.620            -868               0               0            -868;
    71    0.629            -867               0               0            -867;
    72    0.638            -865               0               0            -865;
    73    0.646            -863               0               0            -863;
    74    0.655            -861               0               0            -861;
    75    0.664            -857               0               0            -857;
    76    0.673            -850               0               0            -850;
    77    0.682            -840               0               0            -840;
    78    0.691            -826               0               0            -826;
    79    0.699            -807               0               0            -807;
    80    0.708            -782               0               0            -782;
    81    0.717            -750               0               0            -750;
    82    0.726            -710               0               0            -710;
    83    0.735            -663               0               0            -663;
    84    0.744            -610               0               0            -610;
    85    0.753            -550               0               0            -550;
    86    0.761            -484               0               0            -484;
    87    0.770            -413               0               0            -413;
    88    0.779            -338               0               0            -338;
    89    0.788            -260               0               0            -260;
    90    0.797            -179               0               0            -179;
    91    0.806             -96               0               0             -96;
    92    0.815             -13               0               0             -13;
    93    0.823              71               0               0              71;
    94    0.832             153               0               0             153;
    95    0.841             234               0               0             234;
    96    0.850             311               0               0             311;
