
quantity_of_MPa = 303.2787126;
quantity_of_ksi = 1000*0.0254^2/(0.3048*14.593903)*quantity_of_MPa

quantity_of_ksi = 0;
quantity_of_MPa = 0.3048*14.593903/(1000*0.0254^2)*quantity_of_ksi


% 102007.041407381
%
% 67198.5059310331
% 60964.107592875